 Skill                                 Distance
          2          3          4          5          6          7          8          9
       3  4  5    6  8 10    9 12 14   13 16 19   17 21 23   21 25 28   24 29 32   29 33 37   
  20   7  8 10   11 13 16   16 18 21   21 24 27   26 29 32   31 35 39   35 39 43   41 44 48   
      13 16 24   19 23 72   24 28 37   31 38 80   36 41 53   43 51 99   47 53 99   53 61 99   

       2  3  3    4  5  6    6  8  9    9 11 12   11 14 15   14 16 18   17 20 22   19 22 24   
  30   4  5  6    7  9 10   11 12 13   14 15 17   17 19 21   20 22 24   24 26 29   27 29 31   
       8 10 36   12 15 21   15 18 26   19 22 29   23 27 59   27 30 38   32 37 67   34 38 48   

       2  3  3    3  4  5    5  6  7    7  8  9    9 10 11   10 12 14   13 14 16   15 17 18   
  40   3  4  4    5  6  7    8  9 10   10 11 13   13 14 15   15 16 18   17 19 20   20 22 23   
       5  7 24    8 10 16   11 13 19   14 17 39   17 20 49   20 22 29   22 25 30   25 28 55   

       2  3  3    3  4  4    4  5  5    5  6  7    7  8  9    9 10 11   11 12 13   12 14 15   
  50   3  3  3    4  5  5    6  7  8    8  9 10   10 11 12   12 13 14   14 15 16   16 17 18   
       4  5 20    6  8 11    9 10 14   11 12 16   13 15 35   15 17 20   18 20 25   20 22 28   

       2  3  3    3  4  4    4  5  5    5  6  6    6  7  8    7  8  9    9 10 11   10 11 12   
  60   3  3  3    4  4  4    5  6  6    7  7  8    8  9 10   10 11 11   11 12 13   13 14 15   
       3  4  7    5  6 10    7  8 12    9 10 13   11 12 16   13 14 28   14 16 20   16 18 32   

       2  3  3    3  4  4    4  5  5    5  6  6    6  7  7    7  8  8    8  9  9    9 10 11   
  70   3  3  3    4  4  4    5  5  5    6  6  7    7  7  8    8  9 10   10 10 11   11 12 13   
       3  3  6    4  5  7    6  6  9    7  8 12    9 10 12   10 12 15   12 13 16   13 15 18   

       2  4  4    3  4  4    4  5  5    5  6  6    6  7  7    7  8  8    8  9  9    9 10 10   
  80   4  4  4    4  4  4    5  5  5    6  6  6    7  7  7    8  8  8    9  9  9   10 10 11   
       4  4  4    4  4  6    5  5 12    6  7  8    7  8 11    9  9 12   10 11 14   11 12 15   

       2  3  3    3  4  4    4  5  5    5  7  7    6  7  7    7  8  8    8  9  9    9 10 10   
  90   3  3  3    4  4  4    5  5  5    7  7  7    7  7  7    8  8  8    9  9  9   10 10 10   
       3  3  3    4  4  4    5  5  5    7  7  7    7  7  8    8  8 10    9  9 10   10 10 12   